V 54
K 1
D 0 -2286000 3556000 2032000
Y 1
U 3175000 2032000 254000 0 2 3 REFDES=FL?
U 3175000 1778000 254000 0 2 3 DEVICE=AFS14A04-1575.42-T3
U 3175000 1524000 254000 0 2 0 PKG_TYPE=AFS14A04157542T3
U 3175000 1270000 254000 0 2 0 Description=Signal Conditioning 1575.42MHz BW=40MHz 5-Pad
U 3175000 1016000 254000 0 2 0 Datasheet Link=https://datasheet.datasheetarchive.com/originals/dk/DKDS-11/202926.pdf
U 3175000 762000 254000 0 2 0 Height=0.7
U 3175000 508000 254000 0 2 0 Mouser Part Number=815-AFS14A04-1575-T3
U 3175000 254000 254000 0 2 0 Mouser Price/Stock=https://www.mouser.co.uk/ProductDetail/ABRACON/AFS14A04-1575.42-T3?qs=tfZGHB2PWd3aRd4qy%2Fp2mg%3D%3D
U 3175000 0 254000 0 2 0 Manufacturer_Name=ABRACON
U 3175000 -254000 254000 0 2 0 Manufacturer_Part_Number=AFS14A04-1575.42-T3
U 0 0 254000 0 1 0 FORWARD_PCB=1
l 5 508000 1524000 3048000 1524000 3048000 -1778000 508000 -1778000 508000 1524000
|GRPHSTL -1 -1 -1 1
P 1 3556000 0 3048000 0 0 3 0
L 2971800 0 228600 0 8 0 1 0 OUTPUT
A 3200400 50800 203200 0 3 3 #=A1
A 0 0 9 0 3 0 PINTYPE=BI
P 2 1778000 2032000 1778000 1524000 0 0 0
L 1778000 1447800 228600 1 8 0 1 0 GROUND_1
A 1727200 1676400 203200 1 3 3 #=B1
A 0 0 9 0 3 0 PINTYPE=BI
P 3 0 0 508000 0 0 2 0
L 584200 0 228600 0 2 0 1 0 INPUT
A 355600 50800 203200 0 9 3 #=C1
A 0 0 9 0 3 0 PINTYPE=BI
P 4 1778000 -2286000 1778000 -1778000 0 1 0
L 1778000 -1701800 228600 1 2 0 1 0 GROUND_2
A 1727200 -1930400 203200 1 9 3 #=D1
A 0 0 9 0 3 0 PINTYPE=BI
P 5 3556000 -254000 3048000 -254000 0 3 0
L 2971800 -254000 228600 0 8 0 1 0 GROUND_3
A 3200400 -203200 203200 0 3 3 #=E1
A 0 0 9 0 3 0 PINTYPE=BI
E
